2000, 10000, 0, False, 10000
2000, 10000, 1, False, 10000
2000, 10000, 2, False, 10000
2000, 10000, 3, False, 10000
2000, 10000, 4, False, 10000
2000, 10000, 5, False, 10000
2000, 10000, 6, False, 10000
2000, 10000, 7, False, 10000
2000, 10000, 8, False, 10000
2000, 10000, 9, False, 10000
4000, 20000, 0, False, 20000
4000, 20000, 1, False, 20000
4000, 20000, 2, False, 20000
4000, 20000, 3, False, 20000
4000, 20000, 4, False, 20000
4000, 20000, 5, False, 20000
4000, 20000, 6, False, 20000
4000, 20000, 7, False, 20000
4000, 20000, 8, False, 20000
4000, 20000, 9, False, 20000
